[8,52]
[8,52]
[8,52]
[8,42]
[8,52]
[8,65]
[8,52]
[8,42]
[8,52]
[8,52]
[8,52]
[8,65]
[8,52]
[8,52]
[8,52]
[8,52]
[8,52]
[8,52]
[8,52]
[8,52]
[8,42]
[8,52]
[8,52]
[8,52]
[8,52]
[8,42]
[8,52]
[8,52]
[8,52]
[8,42]
[8,52]
[8,42]
[8,52]
[8,42]
[8,42]
[8,42]
[8,65]
[8,52]
[8,52]
[8,65]
[8,42]
[8,42]
[8,52]
[8,52]
[8,52]
[8,65]
[8,65]
[8,52]
[8,42]
[8,42]
[8,52]
[8,42]
[8,65]
[8,52]
[8,42]
[8,42]
[8,52]
[8,42]
[8,52]
[8,42]
[8,52]
[8,52]
[8,42]
[8,52]
[8,42]
[8,52]
[8,52]
[8,52]
[8,65]
[8,52]
[8,42]
[8,52]
[8,52]
[8,52]
[8,52]
[8,52]
[8,42]
[8,52]
[8,42]
[8,65]
[8,52]
[8,42]
[8,52]
[8,52]
[8,52]
[8,52]
[8,42]
[8,65]
[8,52]
[8,52]
[8,65]
[8,42]
[8,65]
[8,52]
[8,52]
[8,42]
[8,52]
[8,42]
[8,52]
[8,42]
